annual_mean_temperature = 6.34787893295288
min_temperature_of_coldest_month = -7.22313642501831
annual_precipitation = 1506.96655273438
precipitation_of_driest_quarter = 240.826507568359
isPopulated = true
longitude = 626963.263458917
latitude = 151133.629296116
patch_id = 24
row = 4
col = 4
plotArea = 417.435699429914
proj4string = NAD83(CSRS) / MTQ Lambert, EPSG:3799
