intercept = -5.1140977251693
cs = -0.525702612461659
T = 0.00709607837238747
T_sq = -0.00466925087329053
P = 0.194725267571452
P_sq = -0.0602046231405795
dbh = -0.353670137758648
dbh_sq = 0.108749308050606
cs_T = 0.44215107467753
cs_T_sq = -0.0486358408384263
cs_P = -0.0824770840626102
cs_P_sq = 0.0985945481948239