intercept = 0.0917493133491794
cs = 0.230665375229743
dbh = 0.402256818863493
dbh_sq = -0.10657202561391
T = 0.0652502774128794
T_sq = 0.0324117310544422
P = -0.0329850461052127
P_sq = -0.0244150580693558
cs_T = -0.0585195119285895
cs_T_sq = -0.00258104650515842
cs_P = 0.0480701416980312
cs_P_sq = -0.0110091228280496
dbh_T = 0.0775931755200833
dbh_T_sq = -0.0141764090886708
dbh_P = -0.0434053019106473
dbh_P_sq = -0.013442409799114
dbh_sq_T = 0.0115758663998826
dbh_sq_T_sq = -0.00488375085555921
dbh_sq_P = 0.0108984347639892
dbh_sq_P_sq = 0.0022057101858956
